3
0
248
0
45
0
0
0
254
0
0
0
0
0
0
0
0
0
3
0
0
0
0
0
0
0
0
0
45
0
0
0
0
0
0
0
248
0
0
0
0
248
0
0
0
0
45
0
0
36
0
0
0
0
320
0
84
3
248
0
0
0
3
0
45
0
0
0
0
0
3
0
0
0
36
0
0
0
0
0
0
0
0
0
45
0
254
0
0
36
45
0
0
36
36
0
0
0
0
0
3
0
320
0
0
0
0
0
0
0
0
0
0
0
0
0
0
248
0
0
3
0
0
0
0
0
0
338
0
0
248
0
0
36
0
45
96
0
254
0
36
0
0
0
45
3
0
0
45
3
0
248
320
0
248
0
0
0
0
0
0
0
0
0
0
0
0
0
0
0
0
0
0
0
84
0
0
0
0
3
84
0
248
3
0
0
0
0
36
0
0
0
0
0
0
45
0
0
45
36
0
45
0
0
36
3
0
0
0
0
45
0
0
36
36
84
0
0
45
36
0
0
0
0
0
0
0
3
0
0
0
0
36
0
0
0
45
36
0
45
0
0
0
45
0
0
320
0
36
0
0
36
3
0
3
0
0
0
0
36
0
81
0
0
248
0
0
0
248
0
45
0
0
0
3
0
0
0
0
0
0
0
0
0
0
3
0
0
45
3
3
45
0
0
36
0
96
248
45
0
0
84
36
0
45
0
45
0
0
0
0
0
338
0
45
36
248
36
0
0
0
0
0
0
0
0
0
3
0
0
0
0
248
3
0
0
36
0
0
3
0
0
36
0
0
0
0
320
0
3
248
0
0
45
0
0
0
45
0
36
0
0
0
0
3
0
0
0
0
0
0
36
0
248
45
0
3
0
0
0
0
0
0
0
0
3
0
0
45
3
3
0
0
0
0
0
45
0
45
45
0
0
0
0
0
0
254
0
0
0
0
3
0
36
0
3
0
0
0
36
45
0
0
0
0
45
0
0
0
0
0
3
45
0
0
0
0
0
0
45
0
0
45
0
0
0
0
0
0
3
0
0
0
3
3
3
0
0
0
36
0
0
0
3
0
0
36
0
0
3
248
3
0
0
0
0
0
45
0
0
0
248
0
0
0
0
0
0
320
0
0
0
0
0
45
0
0
0
0
45
