20
2115
2140
2288
3
2115
2217
2336
597
24
2
2041
21
133
39
8
8
1
2201
2300
2070
3
2198
2369
2355
2
2025
24
2065
2418
13
9
1868
4
30
2049
2380
1010
2188
2192
2047
12
2
1955
2361
126
2110
2417
1101
1
2263
299
585
2464
1
2300
2203
2021
7
13
7
8
2127
882
2250
2418
8
7
2113
1868
651
1
2113
1921
2499109216
2498984238
306976578
2499284185
2499845506
2499359172
2499459170
1556796692
383006348
2499184201
1462567110
371961766
228124586836
249998624502
1524794285
250000250710
1257222448
2499384181
2499845506
1026472481
245828484572
2043290188
481165801
2499639264
1583504983
1895601568
1244399
248706195469
359559294
2100618588
1398967569
71631382
2499601767
2499739259
2499551770
2206263648
249993266686
229357937768
249998368517
2499601767
2498984238
249994972332
2499551770
1344493456
489677807
2499284195
245961706095
2499209208
